9700
5148
2439
5805
4459
6879
7211
4027
913
7318
7999
1557
8526
6384
9253
1002
1500
570
4926
4683
581
7784
2616
4351
9258
2609
6021
8483
5920
1496
5239
5323
5764
4274
311
8026
2559
9529
9028
3866
3093
4956
5625
8536
4856
5856
6280
6799
7913
8632
5970
1871
9310
1692
1224
7754
8079
2377
7980
1595
2859
7749
5472
5363
2472
6333
4288
1825
503
3485
9100
845
1557
1499
7101
6082
8381
288
9241
646
9307
5316
3010
6263
3053
3333
2552
2579
4466
4131
3935
2052
1764
3100
3291
2438
8209
7135
1768
7446
9637
1279
6838
9513
20
7206
9041
5511
5955
4579
6558
1842
3654
8001
1522
3254
8100
998
7597
4207
6182
4341
2179
1490
9951
8112
9563
153
2022
5597
1985
1486
5838
724
1862
9938
9926
7794
5799
1211
8012
2365
6107
7880
3869
8389
5589
4083
2952
8195
266
4738
5536
9009
4556
9049
9312
6949
309
4287
3577
4939
3824
475
5222
351
2624
8732
7953
2916
3220
9282
9934
9155
2338
3564
9989
819
4689
975
6173
6033
1923
5375
3236
6028
5966
4621
1259
1376
300
909
4766
4462
9736
2179
3121
4948
7865
7242
8022
2494
5836
6448
1180
8
873
7154
9425
7486
8440
1743
4519
3779
7100
9467
3077
1834
9181
707
7396
1285
4100
8903
1370
2775
2191
3465
2484
9368
9204
1441
8715
9909
6514
9306
3081
7361
6035
1965
6310
492
1022
7400
8011
2253
5722
8282
5767
3935
7484
7277
1519
4390
961
6849
2832
4189
4343
1297
2705
9726
3045
2500
8836
8573
2140
8435
6043
1633
3157
1346
6343
8207
7209
4620
3515
932
9200
143
2639
447
5329
4177
1249
442
3640
2558
4805
1267
8645
1247
2605
4635
1729
7305
7556
1578
6460
4607
2693
1980
8290
3572
9657
9292
892
5825
8796
2476
3042
415
2145
9150
8702
5714
4508
2962
5403
9667
5213
8653
6157
8184
61
9234
8587
1537
832
2975
727
4450
9626
4295
9982
2952
2831
1031
1450
4106
6963
1784
628
7678
2592
848
6087
7380
1045
9156
7441
5939
4843
9422
963
9070
371
6679
6711
5283
1451
4962
8672
1856
7808
6645
6701
2610
2702
852
4504
3883
5026
9772
9851
5215
6720
9544
3858
8284
5280
5332
2699
7811
7124
9996
7178
647
6821
9599
3513
1329
2650
5622
6701
6013
1434
5739
5380
2533
2841
7447
7802
7352
1919
5324
4570
9639
3590
3148
2129
1244
5010
2500
6351
2055
3115
3929
8359
982
2549
1709
4534
4096
897
4462
176
1662
2876
5164
7365
2134
8181
1684
5955
2198
6972
2909
1637
1178
6646
5710
9641
7658
2381
9259
8224
5442
1220
1562
8430
8735
2857
4934
6433
5859
6707
8512
3982
5974
5146
4780
3735
6185
6901
8751
440
3207
6095
1075
33
5691
1923
1012
990
7320
4375
2954
8210
2473
4949
3012
6083
1702
8003
5741
8542
7247
36
7150
7419
4824
2200
8240
6251
673
4110
6444
3726
9617
3818
7424
1921
5519
2434
4976
1812
2076
962
8263
4586
7584
2431
4441
1641
8479
3609
9687
5362
3960
3833
9261
7834
1226
7706
6123
7559
5812
5492
3054
2438
7431
6691
9195
9465
8537
5398
8487
3742
2665
8307
278
3418
4346
9656
2958
5382
2239
1549
8823
9375
5313
6630
3713
5073
3152
8948
8274
8910
5187
9098
6683
8311
8285
7948
181
2621
7807
6596
3629
4498
4804
6815
1482
8185
1852
4516
8567
2092
8440
3045
4609
3995
3343
590
6622
6418
6220
2842
7032
1716
309
7108
7797
8036
9639
7307
564
3634
2131
9327
1270
4210
1167
6104
4999
7768
1994
1735
2856
735
7360
2243
3690
346
7382
357
7480
9522
2131
6960
1553
2861
8588
327
9697
6432
2458
8259
4028
9803
2745
8732
1942
403
4495
3076
785
1965
5431
9555
1092
9413
4330
4701
8229
4302
2026
7488
307
4196
5610
1034
1266
1262
5772
4407
6691
2176
216
6839
6832
3772
4438
6126
9953
6520
2009
8534
1870
2539
8584
7439
241
7184
1962
5414
1814
1837
5982
5555
8947
3950
1684
6988
7582
6298
5467
3399
1935
3192
9047
5325
8772
2218
9278
9642
6331
1926
5536
4321
5167
1910
2145
5389
6609
6726
3733
4578
3698
4619
6070
5425
2923
3554
3237
9450
3930
2902
8507
444
409
3659
7322
920
3260
8280
2885
4884
8519
8034
3768
3611
6122
5506
2245
3345
8602
4793
5901
68
3885
4858
3992
9455
2977
8245
7953
3032
5801
2292
9552
5785
1429
5279
8261
4780
3069
6170
6958
4591
2555
1438
8469
6039
3330
8100
2329
8688
9102
6093
792
8594
2089
3120
8246
5728
5271
8139
5660
5498
8176
8298
7055
8403
7239
150
8332
749
3307
6692
1646
7375
4825
478
1051
7064
6044
1103
1329
6510
9315
5096
4888
863
9437
6320
3284
7689
9747
6856
5882
1349
385
1212
3148
3901
2083
6021
2323
9710
8169
8587
6872
1945
5238
9624
271
3124
9899
3848
8896
9758
7643
300
3571
9071
9306
4094
3944
2877
919
9951
4848
4939
3635
6412
3387
7900
2765
7743
5023
5541
5995
7266
7153
1217
103
7406
2180
3582
8227
7713
9643
4852
8267
94
6204
2870
4694
1711
4276
7057
1880
389
5537
7665
8791
2160
1823
9331
5224
282
6994
8565
4326
1005
8077
8266
9118
6645
6605
4010
8889
5872
1734
8245
7463
130
1511
2248
2020
6886
8956
5560
2506
9102
1648
2795
8596
2283
7693
2887
4233
5912
7778
5890
4205
1009
3568
7704
8432
2689
3184
859
1153
6953
3540
3733
6915
5932
3305
3481
6729
8551
38
151
8161
5422
147
8958
8379
5329
8377
427
5717
7694
1298
320
9076
6224
8461
9713
3217
9606
1216
8279
9981
670
3834
5303
178
5263
1908
4701
3704
3990
6275
7569
3553
3544
3950
6812
3906
8487
9510
7892
4766
5248
710
5203
4688
6497
8216
5030
9957
6967
8130
913
7667
2789
2619
8976
9786
2897
4174
9000
3942
2648
2266
6299
9790
2386
611
4251
9484
800
1241
6710
5337
2210
738
3263
5476
7765
2999
4365
5679
1881
9064
6141
8279
4753
9277
5587
9390
7028
954
2686
6038
8176
5693
7849
9292
1598
5623
2077
6030
7504
8933
580
4010
8823
8635
7720
5477
7490
9836
8762
7589
8912
6824
7711
9452
2646
402
9861
3713
1740
5052
5667
7580
6210
5329
9774
5790
4497
5359
5512
219
2716
3792
9586
9765
4324
3443
2930
2198
9290
92
864
6122
7008
8484
2459
9702
1897
5774
8537
9081
175
5688
5915
3117
5107
9722
8750
6650
8094
1918
1710
2776
9590
2267
9685
4302
813
4016
8129
1372
8756
3130
5124
8401
796
8722
6661
5914
4701
4150
3972
808
6447
7906
7130
6748
390
7707
7150
4866
9227
9384
6629
5016
724
2813
7633
7433
8806
6149
7178
4538
7649
5291
1738
4175
7002
1557
8993
3515
6966
2590
5849
2931
6513
6863
8596
4686
5935
4073
610
2444
2250
1169
6959
9119
5082
4120
1289
3962
2386
4822
8575
2228
4567
595
5060
3097
3340
2466
2307
6830
2568
4666
4717
2222
7785
2337
4590
7158
4274
6103
45
4394
944
5933
8834
7602
4218
577
5490
4692
6983
9335
7829
799
1417
8517
5625
3537
9015
4443
5663
4006
5112
9501
3635
5357
3099
14
3274
3929
5396
8107
1828
5057
4817
1073
3360
6516
2330
2171
2223
5277
6743
4237
2928
1214
8107
6198
3931
7340
4046
2549
5049
8471
3609
3340
8000
3892
6138
6633
1501
7145
7496
2230
7946
2213
6912
1007
9743
1369
9245
5948
8260
6487
2647
4218
6629
6069
5762
2314
5134
7870
7367
7813
22
9430
3648
5594
9016
8999
396
8262
3691
765
7986
1727
7972
9050
6835
9517
770
550
4536
4741
5335
3271
1290
8452
3734
3977
2737
5380
103
1291
9284
2446
7016
8070
6255
124
1566
7530
2291
2441
137
1766
3751
3336
9125
6628
6220
5934
7772
527
2686
2877
4937
6994
4278
2413
1416
4078
8220
5481
1834
9383
8250
7124
9524
1868
4012
54
5862
417
8644
6151
3161
1466
6121
3062
2738
6903
6720
5382
6883
6663
7619
6438
3905
5514
6397
6443
5600
8727
3224
9613
1882
2758
2685
395
3310
3659
2026
3355
2549
3599
4786
4946
3521
4285
1583
9052
7054
1782
3138
985
1242
4994
8283
6037
977
3876
68
5570
8496
4552
9975
8563
4043
2907
9120
7575
4587
4343
9118
3728
8751
2922
7843
1568
9251
1890
3546
3536
4414
2615
24
3900
7205
4084
5355
1197
1437
5412
8447
8644
3966
6277
5183
112
6162
5724
7161
4349
653
1173
9146
2249
5943
4260
7129
4772
3812
333
6080
3619
5029
8540
4228
6129
5560
674
7237
7491
842
1694
209
6038
1452
1491
2516
6600
9187
6299
5226
5391
4441
5208
7140
8906
4994
7746
5945
8578
329
9859
724
1964
424
8923
3755
222
1335
1632
9888
2459
9659
197
5824
1245
9376
2902
840
5982
2593
861
1480
2291
4100
6117
7328
7606
323
8041
8726
9038
9716
3927
5130
2797
3467
7222
8929
5526
7669
2529
3229
2392
7813
5279
4558
4684
7228
5056
3441
1847
5169
9047
6230
2716
3904
735
3392
9185
6767
3291
6070
3996
2075
6573
198
3211
3729
7314
665
9309
2872
2521
7746
735
4732
3342
5680
8583
774
9496
290
1510
4054
6827
5994
1710
1971
730
506
7073
1785
1901
8507
3329
2097
1562
8349
2505
6350
8419
1193
3751
9651
6669
3074
996
9299
5784
393
7842
3120
8015
5888
2945
901
846
4566
8829
1055
4971
5937
1896
6854
3523
1114
7455
8553
7170
3682
1404
2023
9773
9043
376
5770
1040
5009
7498
3422
3423
6207
6433
3488
7067
3677
8970
6289
5172
95
9982
8986
9237
4266
4026
553
8672
3095
7276
5097
4647
6106
8376
9408
260
7436
3061
9585
7014
867
4422
226
1417
6500
5192
89
8512
8863
4869
6799
273
3881
3347
3942
6861
1991
6141
4359
5402
9142
7915
5140
8543
5591
9472
8668
2380
5175
5904
3356
1076
9613
5388
195
9304
7117
3516
9758
8673
5098
9495
6562
9945
4232
130
9369
3190
2286
67
5795
2708
4954
1056
5341
5422
3919
2569
2031
2937
8106
6847
5088
1101
7634
5791
1124
3425
4510
8543
2517
6578
8496
6276
8895
5999
6511
1022
7381
7332
2658
9872
8626
6401
8872
8384
9530
2551
8437
4183
4527
766
1319
1557
6383
9078
4695
4868
1562
8936
1850
1207
305
1319
3895
6768
522
7129
1075
3979
8160
3132
1944
314
9591
2791
6980
9149
3934
7566
8718
685
925
8609
6515
486
5998
322
2830
5919
6984
9601
8455
3287
8758
7782
9250
9518
6694
1881
9160
5821
8781
129
7507
9635
6775
104
4194
9661
141
9304
4413
2096
9903
7300
3634
6070
3057
8997
6365
3555
3235
960
7175
8627
5863
544
8629
659
7271
533
3010
3384
9791
3880
5287
431
5334
3257
2470
9602
5722
296
4118
5812
2905
2349
472
9450
9740
1204
1224
869
6222
2088
4287
6304
3658
4267
4293
4274
7218
7295
5844
2145
2172
9780
2888
9460
3095
959
6883
1346
6235
4083
845
1836
3615
4718
1976
2052
8916
9779
6177
2809
1710
8031
7218
5120
5042
1434
1013
9088
4411
9532
6883
4266
6631
2602
8219
9156
2574
2380
9646
1376
8531
8908
390
5373
1315
4812
6583
7386
3131
1124
9870
1234
422
7175
7606
6537
9987
226
8537
337
7397
3920
1748
2489
3156
9661
3875
5267
4753
6293
235
6592
7206
567
7254
3627
5804
667
8713
3231
9494
3885
6130
2533
8651
6598
7597
5278
4977
3270
8998
6201
7636
3952
6968
6017
6679
8625
9780
2678
9137
9774
7102
2727
7896
825
4273
9833
6060
8527
8178
519
8617
466
6817
5158
6064
1406
9596
6483
6432
8410
6239
2123
4526
1677
1638
7782
7459
9083
3459
6401
9364
9242
906
1287
1821
5925
745
2572
6135
9388
6693
5190
1209
6742
2960
7832
9834
5700
7623
4188
1012
9539
7128
6044
308
3630
4240
3708
3934
5102
7618
3464
5902
1199
8388
4022
8121
2432
8868
9480
5490
630
7784
384
616
157
5314
1328
9741
6717
1042
8237
849
7429
453
7871
6828
5446
4604
4168
6763
7774
8071
910
8882
4352
2480
1447
4736
3165
6773
1776
9376
3617
8125
794
3964
9660
2267
97
9468
8571
3552
1578
1883
5346
5915
9865
9466
7017
8460
3916
4270
6176
7206
6456
741
7792
1042
3358
1542
8704
816
7657
4614
4624
6057
5462
5463
9302
2576
7344
9819
6611
3734
7752
1846
5488
5165
7742
1153
8234
7940
3278
4619
9256
9553
4441
8986
6917
3726
7055
1215
750
4474
150
7176
8089
5183
42
7503
5695
6387
1841
3663
1369
2616
7002
4870
3843
4015
7025
8982
3375
9274
513
326
6824
2910
7959
6070
9041
2055
8494
7760
1050
133
6669
8809
7646
549
7497
3094
7244
6634
1832
5372
2176
4554
819
9392
462
5621
1191
6301
4314
3712
1785
8563
7142
6144
5459
8444
4057
6690
8448
9115
6777
6552
1951
8174
8677
2605
3671
6786
2641
8585
8792
2117
8494
2560
7689
8214
9925
7668
4116
8344
7792
6475
9610
2854
9014
2556
836
7313
3841
6963
6999
4725
526
2852
2835
6554
400
108
6841
709
9377
6114
2870
1422
3734
3165
96
2685
4509
9583
6075
5246
1510
815
9849
7859
8587
5333
6908
9385
349
2190
3865
8130
4061
6431
5467
6193
7716
1878
1185
981
4224
859
6421
7869
9499
6678
6378
9977
8489
6459
4993
6689
5214
4688
2584
3791
5257
4911
7104
4039
9761
2550
6361
4391
4795
7276
1516
2265
5301
5470
3301
3573
8322
663
6394
6051
5026
1567
9261
3535
3262
2186
426
2997
621
9713
1549
8380
6869
318
2307
2127
1665
5264
6715
3606
5195
2671
3434
7587
2263
9305
6279
5256
460
4555
2105
4454
688
6939
9227
6753
894
8226
4425
9759
9031
39
1083
9423
7538
8775
4955
5782
6049
7760
547
84
4930
1964
8456
4502
2830
7244
8717
372
6978
7962
3750
4762
9399
4560
4570
2404
1328
6310
8915
5235
6831
9030
694
1228
7605
3740
9241
6336
3573
6954
358
3958
3107
1592
4491
9491
302
9320
9402
2540
3382
9048
772
1139
6684
3552
4525
8941
8694
6651
2652
4004
7883
322
7282
1640
9857
1348
4932
6768
1888
9170
3702
3982
5138
2998
278
1441
7850
4804
6930
8676
3407
2457
1912
6707
6755
9232
840
9022
6948
8324
103
6102
8254
351
243
2149
6810
560
926
5914
8760
2523
6377
6305
6996
9867
2718
9809
824
2483
8650
1599
3678
1474
9701
4593
7376
4500
6079
333
6382
6101
8153
2526
2427
5248
9773
6568
9925
7382
8780
3555
4879
8186
4882
900
7741
2841
2247
6442
6842
5976
1828
2115
2873
421
2864
1695
3319
1839
5767
2140
2969
274
9190
560
4568
4746
3589
2918
7045
9017
6929
3743
9962
467
8357
5721
2959
1670
8084
8238
9158
6152
4150
7923
7428
9001
589
9601
6844
9639
98
4273
601
7519
3089
2895
7607
9377
4830
9409
8127
4781
8386
5233
5710
6586
870
3942
8368
2134
9642
753
2398
8695
4547
1187
1857
5103
1055
2828
5010
9118
5846
6430
5089
4753
8975
1168
8333
5753
6748
8926
5542
4391
7507
1102
1101
7155
217
1741
9860
395
9693
8072
6983
1480
9839
919
919
7677
763
4323
4831
3817
6758
1545
2949
2267
5188
7622
3007
9605
339
9490
5502
1929
6455
4649
5628
4593
9091
8228
8174
379
3697
7255
3221
6160
7934
1443
151
4550
5541
9931
789
1451
6166
2308
9241
674
9843
6854
3567
9610
7815
4159
4876
3674
9795
9767
143
361
7222
382
5426
3033
5353
9057
1372
500
612
8379
23
1118
592
8360
1962
1034
6202
7285
66
3481
5009
6499
7890
4508
1724
6923
1827
2411
4443
2315
8473
8239
2248
9310
853
5913
1145
3226
3152
326
7334
2467
4811
3993
2913
3885
5152
7896
39
3711
7076
3604
5249
3410
763
1823
39
6136
4680
3858
2082
426
5712
3846
9788
1530
7594
1952
167
7367
4741
5882
4982
2799
2374
4700
1116
1599
2220
5738
2751
9877
3682
2679
5064
8902
7024
5415
6763
4892
9070
3218
1533
4871
2679
9268
5766
9669
4917
6657
1989
3084
5695
4278
522
9651
7724
8202
9380
3761
7890
7524
6840
5149
2464
4310
8122
3956
2708
983
3099
7178
6970
6543
5472
7543
8129
2843
2667
2787
5131
9216
3464
9340
306
4316
7701
7667
322
1608
7870
6807
2694
7865
1909
5098
6162
8358
6203
1600
5659
4868
5085
1781
3998
1293
6158
814
7828
3376
4253
3415
9712
2722
4515
4860
2161
7553
3963
2292
1387
6632
2814
3927
8284
8031
2650
6848
2446
3626
3582
1261
1320
6338
5301
1171
3201
6289
8220
6895
5138
327
7874
5975
1750
7481
5563
4223
2914
1737
6000
5608
5883
7904
3863
3954
2344
9608
2747
4130
6037
4423
3960
5583
5408
3173
9413
5287
6164
862
3150
3486
4832
179
7116
9206
1396
2635
3940
3818
3431
8583
3625
4484
3703
308
3950
3823
2222
3497
2620
8086
29
927
4460
2859
5288
6145
5730
4900
2365
9753
39
4016
7475
7978
1105
4568
9371
9788
1937
8784
9029
9473
5928
1900
4578
406
1703
5567
9105
1334
1202
2239
9017
4248
2303
2053
6466
4089
529
2720
5984
3556
3436
5929
4317
7742
500
3121
9841
5070
199
3462
7216
9945
4003
6805
1121
7852
9317
7833
8215
1170
2495
1457
5198
9062
8549
9664
4147
1522
8277
2046
816
8565
2848
860
5475
9812
6489
9317
5946
4039
6393
9183
3981
356
6765
1745
4903
9929
5565
8287
5890
4770
5225
4960
4399
7291
9922
8369
8959
6848
5746
3298
1841
5808
6665
1101
2264
8959
1077
5160
6440
6890
173
5568
8942
8982
6170
9029
9721
2433
610
3237
8104
6458
6451
8032
3184
1949
5001
